1    63.3  0.01523 11.12
2    81.5  0.01962 11.49
3   111.4  0.02722 11.48
4    85.4  0.02060 11.28
5    91.3  0.02217 11.44
6    67.7  0.01570 11.50
7    74.1  0.01811 11.19
8    82.2  0.02007 11.71
9   134.8  0.03349 11.65
10    87.7  0.02104 11.38
11    82.2  0.03123 11.69
12    82.2  0.01600 11.06
13    72.0  0.01732 11.16
14   191.1  0.04825 11.85
15   112.6  0.02794 11.64
16   130.4  0.03247 11.68
17    76.9  0.01875 11.05
18    53.3  0.01285 11.05
19    73.6  0.01793 11.36
20   122.4  0.03022 11.43
21    52.9  0.01305 11.10
22   135.7  0.03371 11.64
23    65.0  0.01561 11.12
24    77.6  0.01914 11.20
25    56.4  0.01381 11.07
26    15.8  0.00379 11.40
27    88.5  0.02188 11.33
28    94.4  0.02331 11.16
29   127.7  0.03188 11.67
30    95.5  0.02334 11.41
31    72.4  0.01756 11.26
32    95.5  0.02337 11.33
33    17.7  0.00546 11.00
34   141.8  0.03540 11.55
35    90.1  0.02222 11.20
36   123.5  0.03001 11.43
37    72.3  0.01770 11.20
38    49.8  0.01191 11.07
39   130.0  0.03209 11.51
40    85.1  0.02038 11.30
41    77.8  0.01881 11.11
42    65.7  0.01594 11.65
43   100.9  0.02471 11.41
44   212.0  0.05291 11.86
45    78.3  0.01875 11.17
46    61.6  0.01481 11.04
47    75.1  0.01819 11.22
48    94.8  0.02307 11.26
49   216.2  0.05367 11.99
50   113.7  0.02743 11.42
51   172.0  0.04256 12.16
52   115.4  0.02827 11.30
53    80.6  0.01916 11.46
54    57.5  0.01312 11.06
55    63.9  0.01486 11.28
56    77.4  0.01862 11.30
57   153.3  0.03745 11.65
58    56.9  0.01308 11.10
59    17.4  0.00298 11.12
60   160.3  0.03879 11.90
61    89.5  0.02130 11.25
62    90.4  0.02135 11.34
63    99.4  0.02296 11.24
64   132.6  0.03132 11.64
65    75.0  0.01760 11.31
66    46.6  0.01081 11.16
67   338.2  0.08756 12.39
68    59.7  0.01379 11.28
69    72.0  0.01625 11.13
70   112.1  0.02590 11.62
71    83.1  0.01911 11.11
72    81.1  0.01851 11.60
73    72.1  0.01616 11.08
74   191.8  0.04632 11.82
75   235.7  0.05835 12.16
76   241.4  0.05964 12.31
77   221.4  0.05414 12.06
78   164.7  0.03953 11.74
79   163.8  0.03937 12.01
80   109.8  0.02594 11.34
81    89.3  0.02000 11.23
82    75.2  0.01686 11.37
83   145.9  0.03410 11.78
84   203.5  0.04909 11.86
85    63.9  0.01371 11.09
86    38.2  0.00935 11.64
87    95.9  0.02101 11.32
88    80.5  0.01720 11.14
89   147.6  0.04310 12.08
90   147.6  0.03452 11.62
91   110.5  0.02490 11.43
92   146.0  0.03400 11.64
93    77.4  0.01635 11.12
94    49.7  0.01032 11.93
95    40.3  0.01078 11.17
96   107.0  0.02320 11.43
97   295.1  0.07332 12.36
98    42.3  0.00834 11.10
99    93.0  0.01849 11.25
100   121.3  0.02710 11.65
101   118.7  0.02636 11.36
102    36.3  0.00727 11.19
103   176.8  0.04217 12.57
104   105.9  0.02359 11.38
105   162.6  0.03748 11.68
106    76.3  0.01592 11.17
107   101.5  0.02170 11.56
108   101.6  0.02123 11.40
109    55.6  0.01116 11.14
110   135.5  0.03076 12.32
111   133.1  0.03107 11.81
112   105.0  0.02330 11.73
113    87.5  0.01861 11.27
114    79.5  0.01654 11.28
115    59.3  0.01369 11.30
116    33.3  0.00973 11.38
117    79.8  0.01631 11.15
118   122.1  0.02782 11.56
119   103.8  0.02261 11.62
120   160.6  0.03778 12.21
121    78.7  0.01679 11.15
122    61.6  0.01034 11.22
123   145.2  0.03304 11.66
124    57.3  0.01161 11.08
125   114.1  0.02574 11.39
126    58.8  0.01188 11.13
127   330.3  0.08273 12.39
128   276.4  0.06764 12.23
129    65.2  0.01375 11.15
130   146.5  0.03367 11.74
131    77.5  0.01589 11.23
132    63.7  0.01300 11.35
133   169.2  0.03984 11.92
134   129.3  0.02928 11.74
135   228.1  0.05516 12.08
136    65.3  0.01336 11.14
137    84.8  0.01813 12.28
138    62.8  0.01281 11.13
139    75.2  0.01581 11.09
140   129.2  0.02984 11.58
141   121.3  0.02715 11.62
142   112.8  0.02449 11.45
143    47.0  0.01088 11.14
144   193.6  0.04644 11.98
145   121.4  0.02701 11.63
146    96.4  0.02088 11.37
147   110.5  0.02448 11.93
148   102.3  0.02253 11.31
149    83.9  0.01835 11.37
150   210.1  0.05094 11.96
151    81.2  0.01734 11.49
152   182.1  0.04281 12.46
153    94.3  0.02078 11.41
154    75.0  0.01628 11.11
155    89.8  0.01983 11.20
156    67.0  0.01404 11.48
157   126.6  0.02889 11.65
158    92.4  0.02065 11.29
159    76.7  0.01735 11.62
160    83.2  0.01868 11.18
161    83.0  0.01818 11.88
162   122.4  0.02860 11.65
163    71.2  0.01561 11.35
164    60.8  0.01323 11.12
165   107.5  0.02511 11.49
166   201.8  0.04873 11.93
167   335.1  0.08573 12.45
168   260.1  0.06496 12.12
169    85.3  0.01920 11.20
170    49.1  0.01064 11.11
171    63.6  0.01390 11.11
172    85.7  0.01961 11.32
173   141.3  0.03370 11.61
174   150.0  0.03610 11.94
175   177.4  0.04300 12.06
176    76.4  0.01736 11.20
177   161.2  0.03904 11.81
178    82.6  0.01906 11.14
179    70.4  0.01615 11.42
180    74.7  0.01740 11.08
181    50.2  0.01141 11.24
182   104.7  0.02504 11.34
183    89.6  0.02139 11.35
184   175.6  0.04303 11.84
185   302.2  0.07776 12.20
186    68.0  0.01632 11.65
187   103.7  0.02510 11.38
188   182.4  0.04460 12.06
189   112.7  0.02742 11.60
190    23.2  0.00536 11.11
191    69.1  0.01653 11.12
192   101.0  0.02444 11.40
193   171.5  0.04156 11.76
194   119.4  0.02892 11.56
195    71.3  0.01714 11.11
196   253.3  0.06448 12.20
197    92.4  0.02324 11.27
198   139.3  0.03413 11.57
199    71.1  0.01708 11.07
200    58.5  0.01427 11.40
201    73.8  0.01848 11.50