     9.03
    17.05
    77.00
     7.48
    22.65
     7.05
     9.66
    17.93
     6.88
    11.36
   536.18
    10.05
     8.73
   967.81
    25.03
     5.47
    21.92
  6688.90
     5.57
    15.30
     9.16
     9.07
    22.93
     7.25
     9.27
     7.22
    10.71
     7.78
    31.52
   419.65
    27.38
     7.17
     5.73
    21.54
     7.77
     6.62
     7.36
    65.52
    13.25
     6.74
     7.59
     5.38
     6.17
     6.29
     5.89
     6.70
     6.73
     6.44
     5.31
    11.46
    11.41
    11.67
     6.65
     5.28
     5.81
    11.82
    66.46
     6.55
    17.54
    10.31
     5.53
     7.82
     5.85
    33.52
    25.06
    11.40
    19.71
    23.37
     5.62
     5.33
   196.37
     7.68
    29.41
     8.17
     5.90
    12.16
    53.35
     9.09
     8.07
     7.72
     6.16
    11.01
     5.62
    11.75
     7.33
    13.06
     8.37
     8.18
    13.13
     6.99
    30.71
     6.16
     7.47
     8.01
     8.81
    94.31
     7.43
     5.92
    17.23
     5.97
    12.87
     5.68
    10.95
   180.80
    10.32
    42.21
     5.60
    39.32
     5.65
    33.36
     5.65
    25.38
     6.77
     8.39
     9.63
    13.66
     5.40
     6.06
    30.24
     9.88
    22.53
     5.69
     8.03
    54.36
     6.53
    42.13
    32.12
     6.35
     6.07
     6.61
    41.21
     5.86
     6.27
     5.91
     8.15
     6.78
     5.63
     7.00
    35.16
     9.56
     9.66
   105.55
     5.51
     6.92
     6.85
     7.35
     6.56
    14.45
     5.39
    13.25
     5.37
 82917.00
     9.17
     7.17
    14.03
     7.03
    14.26
    10.02
     7.03
     6.57
     7.05
     9.87
     6.11
     6.43
   146.69
    17.55
     8.34
    17.61
     5.38
     6.41
     7.48
     9.05
     7.42
     7.11
     6.41
     5.96
     8.05
     5.74
     5.64
     6.70
    17.60
     7.73
    15.23
     7.94
    14.29
     6.31
    20.35
     9.94
     6.95
     8.48
     6.10
     6.49
    16.74
    41.47
     9.38
     8.75
    14.85
     6.18
    12.09
     7.31
    24.33
     7.48
     5.81
    23.74
     9.44
     6.48
    15.98
     6.43
     8.21
     9.70
     7.14
     5.71
     6.64
     7.30
     8.95
    11.64
     8.02
     6.03
     9.17
     6.75
     8.40
    11.61
     6.07
    20.60
     5.73
    60.54
    11.68
     5.68
     6.63
     5.69
     5.36
    12.07
    13.09
     7.51
    10.58
     5.26
     6.31
    13.52
     9.64
    44.73
  1480.42
     6.47
     8.91
     5.36
     8.33
    50.67
    10.88
    15.90
    11.28
     9.79
     5.33
    16.96
     5.78
     7.88
    13.70
     8.17
     9.20
     8.72
     7.15
     5.61
     7.72
     8.42
    10.46
    13.83
   102.63
     8.59
     7.10
     6.73
     5.98
    34.56
     9.71
     6.07
    19.66
     6.49
     6.44
    10.51
    10.92
     8.44
     8.42
    10.91
     6.64
     8.31
    12.10
     5.69
    10.05
     6.26
    21.43
     6.82
     8.98
     6.38
    49.19
     6.45
     5.38
     8.03
    32.55
     7.43
    18.47
    12.84
    45.75
    29.32
    66.31
    54.80
     9.71
     5.85
     8.48
     9.23
     6.20
    10.48
    13.87
     7.68
   113.05
    11.92
     6.21
     5.36
     6.71
    13.63
     7.72
    19.84
    11.89
     5.84
    15.57
     9.18
    34.38
    11.29
     7.11
     8.34
     7.14
     7.18
     8.53
     7.01
    12.24
    18.49
    45.16
    14.15
     6.75
    10.53
     5.79
    26.77
     7.46
     9.35
    46.85
     7.44
     6.47
     6.46
    17.71
     5.27
     8.18
     8.14
     5.61
    23.20
     9.78
    11.48
     6.60
    17.57
    11.60
    14.08
    37.46
     9.38
     7.02
    37.27
     6.77
    26.00
     7.25
     5.75
     5.99
     8.36
    10.27
     5.54
    29.55
    43.89
     7.58
    13.35
    46.92
    19.68
     7.87
     5.86
    31.40
     9.21
    11.45
    30.26
    10.23
     7.79
    20.81
     9.80
     7.74
     5.93
    14.39
     8.90
    85.40
     5.77
     5.60
    13.39
     6.50
    37.11
    14.32
     6.11
     5.89
    71.54
     8.04
    12.42
     6.92
     8.47
    30.80
    20.12
    36.70
     5.96
    17.69
     9.22
     5.97
     6.21
     5.25
     7.49
    13.04
   625.46
     5.73
     8.17
    11.23
    22.18
    10.29
     7.76
     5.58
    16.20
    41.11
     9.15
    18.61
    40.00
    11.39
    13.01
    12.50
     9.37
    10.54
    17.04
     6.78
     6.20
   213.29
    16.86
     6.29
    81.44
    97.42
    15.22
    22.58
     6.10
     7.01
   265.84
    20.91
    13.65
     7.25
    29.84
    10.73
    22.51
     5.79
     5.64
    12.92
     5.86
     5.27
     5.45
     9.38
    10.10
     6.31
    10.24
    88.04
     6.30
     6.82
     8.42
     6.01
     8.86
     5.44
     9.06
     8.37
    10.57
    19.13
    23.48
     6.25
     9.67
    12.04
     6.82
     6.94
    22.10
     6.72
     8.61
     8.88
     7.99
     5.99
     5.83
     6.57
    23.59
     8.07
     6.95
     5.90
     9.08
     6.48
     5.24
     5.26
    11.41
     7.29
     5.70
    21.89
     7.51
     9.14
     9.02
    10.71
    10.30
     9.36
     7.10
     8.73
    10.41
    11.79
   104.09
     8.93
     9.59
    35.64
     6.79
     6.48
     6.16
     7.05
    10.29
     7.00
     6.44
     8.94
    17.17
     7.08
    11.35
     8.42
     9.56
    29.97
    49.07
    22.94
     5.32
     9.24
    16.72
     6.07
    15.18
    32.13
     9.53
     8.82
     7.10
    10.08
     5.84
     6.24
    27.69
     7.73
    20.20
    14.57
     5.69
     6.78
     6.25
    12.02
    35.71
     8.98
    14.04
    10.05
     6.97
    18.92
     6.62
     9.79
     6.38
     7.58
     7.32
     7.36
    18.20
     6.53
     8.84
    47.63
     5.82
    11.16
     6.18
     5.96
     5.24
    14.14
     9.93
     9.17
     7.09
   129.78
     5.93
    16.24
     5.87
    12.65
    12.19
     8.55
     7.94
     6.59
     5.84
     8.15
     6.27
    16.71
     5.76
     9.59
     9.80
     6.05
     5.58
    19.39
     6.65
     5.42
    45.00
     6.03
     8.00
     7.24
     5.54
     6.67
     8.88
     5.47
    27.33
    14.93
     7.19
    10.14
     7.64
    20.08
    10.94
    77.37
     9.06
    52.20
     7.87
     8.05
     7.69
     6.39
     8.64
     5.70
     5.36
     6.98
     7.40
    11.16
     7.44
     5.39
     5.66
     5.79
    19.67
    18.00
    18.14
     6.41
