4536
 5931
 8112
 6156
 6047
 4706
 5334
 6028
10469
 6866
 9415
 4797
 5137
14519
 8257
 9770
 5371
 3859
 9061
 3874
10130
 4679
 5896
 4136
 1005
 6436
 6987
 9406
 6953
 5264
 7007
 1636
10549
 6662
 8997
 5161
 3570
 9652
 6111
 5640
 4746
 7408
15866
 5622
 4441
 5033
16260
 6915
 8224
 9005
 8474
 8867
 3975
 5743
 4445
 5613
 3887
11226
  885
11630
 6339
 6538
 6882
 9390
 5276
 3237
 4134
 4881
 5730
 5538
 7764
 4846
13888
11957
11785
 7777
 6136
 5091
10267
14669
 3971
 2781
 7000
 5156
10438
 7464
10299
 4902
 3159
 3232
 6818
 5543
 2555
 8125
 7902
 2104
 7071
11237
 4861
 6446
 6364
 6400
 3887
 9313
 7000
 5578
 5152
 4114
 3006
 4930
 8285
 6798
 5032
 3028
 9909
 3472
 7666
 3572
 4091
 4715
 9982
 3893
12336
 8779
 4013
 3863
 4747
 8865
 8140
 7342
 3300
13926
 8098
 6335
 7298
 6755
 5637
15212
 5197
 6215
 4843
 5944
 3968
 8662
 5188
 6234
 5599
 5449
 8684
 4813
 3933
14608
 7533
 5722
 3160
 4259
 5970
10067
10810
 5208
11705
 5714
 4824
 5247
 3398
 7507
 6413
12839
 4922
 7524
 1585
 8241
 4961
 7242
12460
 8688
 5143
 6966
10233
 5118
 4336
 5371