  9.03  46  59.62 11.05
   17.05  45  77.60 11.44
    7.48  48 105.76 11.41
    6.88  41  81.20 11.22
   10.05  37  79.23 11.30
   21.92  32  64.28 11.44
    9.16  36  70.30 11.11
   22.93  62  78.57 11.65
    7.25  60 136.17 11.63
    9.27  53  90.96 11.39
   10.71  38 122.02 11.63
    7.17  36  63.37 11.00
    7.77  38  67.88 11.09
    6.62  42 188.37 11.76
   13.25  50 106.96 11.56
    7.59  31 126.70 11.63
   11.46  53  70.37 11.31
   11.41  55  50.13 11.00
    5.28  39 117.29 11.37
   11.82  23  50.29 11.04
    6.55  44 131.71 11.59
   10.31  49  61.97 11.07
    5.85  40  76.36 11.17
   11.40  42  53.83 11.02
  196.37 108  13.70 11.27
    8.17  36  83.37 11.26
    5.90  47  90.66 11.11
    8.07  43 121.94 11.60
    8.18  41  91.16 11.35
    6.99  42  69.33 11.20
    7.47  59  91.84 11.28
   94.31  33  17.93 11.00
    5.97  41 137.11 11.47
    5.65  78  86.84 11.15
    5.65  96 119.05 11.37
    8.39  43  67.57 11.13
   13.66  18  47.60 11.02
    5.69  30 126.43 11.45
    8.03  32  81.50 11.24
    6.53  61  74.65 11.06
   32.12  83  62.61 11.60
    6.35  43  97.06 11.35
    5.86  37 208.86 11.79
    8.15  33  75.05 11.12
    9.56  43  59.13 11.00
    9.66  75  66.78 11.10
    5.51  31 214.83 11.94
    6.92  89  91.29 11.21
    6.56  50 109.16 11.36
   14.45  48 118.44 11.81
    5.39  34 111.81 11.23
    5.37 194 116.77 11.59
    7.17  41  55.27 11.02
   14.03  36  77.22 11.41
   14.26  47  60.87 11.22
   10.02  41  74.95 11.25
    9.87  33  54.78 11.04
    6.43  54 148.80 11.59
  146.69  63  16.47 11.07
    9.05  24 155.32 11.84
    7.42  28  85.61 11.19
    8.05  37  88.51 11.30
    5.74  23  94.76 11.17
    6.70  23 127.33 11.58
    7.73  37  72.21 11.25
   20.35  32  44.02 11.10
   16.74  42  57.80 11.23
    9.38  39  67.63 11.08
    5.81  35  79.33 11.05
   23.74  28  77.43 11.54
    9.44  47 107.50 11.56
    6.48  42  68.55 11.02
    5.71  28 186.88 11.76
    6.07  48 161.16 11.69
   11.68  34 158.61 11.95
    5.68  28 107.06 11.28
    5.26  26  87.01 11.19
   11.28  33  73.48 11.31
    9.79  66 141.58 11.73
    5.61  25 198.65 11.80
    7.72  55  58.68 11.00
  102.63  52  35.35 11.56
    6.07  61 100.50 11.35
    5.69  37  75.74 11.08
    6.38  34 143.21 11.61
    5.85  57 106.27 11.37
    6.20  38 142.89 11.59
    7.68  30  72.26 11.04
  113.05  52  47.74 11.88
   34.38  71  37.70 11.10
    7.44  46 100.48 11.36
    5.61  45  88.67 11.19
   23.20  35  40.33 11.06
    9.78 103 115.68 11.59
    5.99  44 112.70 11.27
   43.89  80  31.90 11.08
    6.21  40 101.09 11.32
    5.25  29 156.31 11.62
    7.49  34  72.50 11.11
   13.04  51  96.10 11.49
    8.17  72  96.54 11.34
   10.29  55  94.33 11.50
   18.61  71  59.11 11.17
   11.39  35 127.99 11.74
   17.04  88  99.99 11.67
    6.78  49  82.44 11.20
    6.20  40  77.33 11.24
   16.86  46  52.15 11.17
   81.44  97  32.44 11.34
    6.10  69  74.67 11.08
    7.25  33 115.83 11.49
   10.73  59  98.63 11.55
    5.79  40  74.18 11.08
   12.92  77  58.21 11.17
    5.86  43 139.10 11.59
    9.38  31  53.40 11.00
    6.01  35 107.71 11.32
   10.57  40  54.88 11.06
    7.99  55  59.28 11.06
    8.07  92  69.94 11.13
    6.95  29 139.36 11.67
   21.89  72  59.06 11.27
    9.02  21 168.72 11.89
   10.30 121 123.07 11.67
    8.73  37  60.81 11.07
    9.59  30  58.42 11.06
    6.79  45  70.42 11.02
    6.48  30 122.55 11.51
   10.29  50 115.46 11.55
    7.00  22 104.72 11.38
   17.17  49  43.96 11.07
    7.08  48 188.61 11.92
    8.42  68 114.61 11.56
    9.56  94  91.55 11.29
   22.94  54 103.86 11.85
    5.32 139  96.87 11.24
    9.24  43  79.78 11.32
    6.07  34 204.26 11.89
   15.18  58  75.84 11.42
    9.53  58  88.80 11.34
    5.84  20  69.92 11.04
    6.24  37  84.56 11.13
   27.69 201  58.62 11.35
    7.73  80 120.21 11.58
   20.20  34  74.12 11.55
    6.78  22  86.42 11.23
    6.25  64  79.74 11.11
   35.71  79  77.76 11.81
    8.98  37 118.38 11.60
   14.04  55  68.57 11.30
   10.05  28  56.64 11.05
    6.38  24 196.19 11.87
    7.58  26 102.69 11.43
    5.96  55  79.84 11.12
   14.14  45  45.08 11.03
    9.93  60  59.65 11.06
    7.09  56  81.94 11.26
    5.93  40 134.85 11.54
   12.65  26 144.10 11.87
    8.55  77  71.98 11.13
    7.94  58 155.72 11.75
    6.27  44  77.99 11.07
   16.71  44  65.99 11.35
    5.58  36  70.88 11.02
   19.39  62  46.70 11.16
    5.42  44  99.73 11.27
    8.00  56  85.21 11.29
    7.24  44 170.03 11.78
   27.33  40  65.23 11.59
    7.19  47  98.96 11.31
   77.37  92  21.44 11.03
    9.06  51 108.19 11.54
    7.87  51  65.49 11.05
    8.05  49  95.13 11.33
    5.70  19 166.27 11.70
    5.36  42 113.64 11.50
    7.40  42  67.70 11.05
    5.39  34  91.19 11.21
    5.66  44 134.78 11.51
    5.79  59  67.46 11.01
   19.67 135  57.11 11.34
   18.00  46  70.46 11.41