  0.66    1.29     9.03    15.66
   0.35    2.39    17.05    16.86
   0.28    1.20     7.48     9.66
   0.52    2.51     6.88     5.04
   0.36    1.28    10.05    17.14
   0.78    3.51    21.92    29.11
   0.20    1.03     9.16    13.60
   1.03    3.65    22.93    31.55
   0.34    0.90     7.25    10.33
   0.39    1.95     9.27    11.76
   0.21    1.54    10.71     9.67
   0.37    0.71     7.17    15.54
   0.37    1.55     7.77    12.90
   0.16    0.44     6.62     6.88
   0.06    1.03    13.25    14.30
   0.50    0.83     7.59    13.56
   0.72    1.07    11.46    25.33
   0.68    1.88    11.41    19.94
   0.26    0.62     5.28     8.57
   0.84    1.41    11.82    25.56
   0.34    0.80     6.55    11.63
   0.35    1.07    10.31    15.51
   0.62    0.94     5.85    15.08
   0.56    1.76    11.40    16.72
  39.84   87.57   196.37   257.37
   0.36    0.65     8.17    15.67
   0.10    0.63     5.90     6.67
   0.23    1.88     8.07    11.18
   0.44    1.45     8.18    11.27
   1.06    3.44     6.99     7.20
   0.25    0.91     7.47    10.87
   5.12   14.28    94.31   165.67
   0.07    0.65     5.97     7.27
   0.31    0.75     5.65     8.95
   0.14    0.70     5.65     7.76
   0.57    0.83     8.39    16.82
   0.95    2.22    13.66    20.88
   0.22    0.51     5.69     9.47
   0.23    0.80     8.03    16.81
   0.30    0.74     6.53    10.36
   1.38    7.50    32.12    34.32
   0.53    0.84     6.35    12.85
   0.05    0.45     5.86     5.38
   0.22    1.21     8.15     9.85
   0.33    1.35     9.56    12.76
   0.26    1.16     9.66    14.59
   0.20    0.62     5.51    10.09
   0.19    0.85     6.92     8.36
   0.21    1.05     6.56     7.34
   0.58    4.50    14.45     9.50
   0.08    0.19     5.39     8.04
   0.97    2.06     5.37    10.69
   0.90    0.99     7.17    23.37
   0.52    1.08    14.03    24.82
   0.55    0.86    14.26    29.46
   0.50    1.70    10.02    12.73
   0.71    0.92     9.87    22.98
   0.06    0.63     6.43     8.47
   6.83   18.81   146.69   194.05
   0.32    1.42     9.05    11.85
   0.17    0.86     7.42    10.50
   0.41    1.20     8.05    11.33
   0.14    0.78     5.74     7.52
   0.43    1.37     6.70     9.26
   0.46    1.64     7.73    24.10
   0.74    2.20    20.35    38.31
   0.69    1.98    16.74    24.58
   0.26    0.81     9.38    13.33
   0.25    1.13     5.81     6.48
   0.21    1.81    23.74    25.88
   0.64    2.27     9.44     8.02
   0.58    0.84     6.48     9.31
   0.15    0.73     5.71     6.12
   0.14    0.61     6.07    10.33
   0.25    1.02    11.68    19.91
   0.10    0.75     5.68     8.42
   0.46    0.54     5.26    12.18
   0.59    1.13    11.28    22.27
   0.28    1.21     9.79     9.02
   0.19    0.55     5.61     5.86
   0.52    0.93     7.72    18.76
   3.57   15.69   102.63   114.31
   0.36    0.67     6.07    13.37
   0.34    0.81     5.69    12.16
   0.20    0.71     6.38    10.30
   0.48    0.76     5.85     9.18
   0.14    0.62     6.20    10.39
   0.16    0.95     7.68     9.52
   3.97   24.51   113.05   111.42
   0.53    2.28    34.38    46.28
   0.20    0.76     7.44    12.63
   0.35    0.66     5.61    11.06
   0.99    4.51    23.20    25.16
   0.35    1.12     9.78    12.95
   0.11    0.20     5.99     8.13
   0.99    9.67    43.89    31.94
   0.27    1.48     6.21     7.33
   0.30    0.47     5.25     8.06
   0.34    1.63     7.49     9.68
   0.25    0.80    13.04    15.71
   0.13    0.45     8.17    14.58
   0.37    1.44    10.29    21.69
   0.14    1.34    18.61    18.66
   0.35    1.95    11.39    12.41
   0.25    1.42    17.04    24.38
   0.39    0.74     6.78    13.37
   0.94    2.97     6.20     6.20
   0.63    2.38    16.86    30.97
   1.22    7.56    81.44   100.04
   0.38    0.68     6.10    12.36
   0.32    1.07     7.25    10.11
   0.57    1.34    10.73    19.97
   0.35    0.42     5.79    15.89
   0.74    1.82    12.92    22.00
   0.29    0.59     5.86    11.49
   0.59    1.40     9.38    22.02
   0.15    0.84     6.01     8.47
   0.64    1.37    10.57    23.03
   0.50    0.74     7.99    24.79
   0.36    1.53     8.07    13.65
   0.36    0.41     6.95    15.16
   0.05    0.95    21.89    31.53
   0.29    1.42     9.02    10.00
   0.29    1.46    10.30    13.65
   0.48    1.47     8.73    17.66
   0.60    1.60     9.59    17.14
   0.28    0.83     6.79    10.57
   0.26    1.24     6.48     9.41
   0.17    0.59    10.29    13.22
   0.25    0.81     7.00    11.23
   1.23    2.71    17.17    32.00
   0.25    0.71     7.08    12.68
   0.27    1.13     8.42    14.72
   0.11    0.61     9.56    12.17
   0.59    3.55    22.94    26.49
   0.27    0.49     5.32    11.65
   0.47    0.62     9.24    23.11
   0.24    0.65     6.07     7.90
   0.63    2.12    15.18    19.02
   0.33    1.35     9.53    11.05
   0.51    0.69     5.84    12.78
   0.18    0.56     6.24    10.55
   0.22    1.14    27.69    33.10
   0.30    0.81     7.73    15.64
   1.01    3.55    20.20    27.54
   0.31    0.97     6.78    12.01
   0.30    0.55     6.25    11.94
   1.14    3.98    35.71    53.38
   0.36    1.05     8.98    14.20
   0.38    1.33    14.04    25.31
   0.55    1.32    10.05    20.05
   0.18    0.51     6.38     9.37
   0.43    1.42     7.58    10.77
   0.36    1.20     5.96     9.27
   1.19    1.94    14.14    29.59
   0.52    1.09     9.93    17.36
   0.63    1.03     7.09    14.38
   0.26    0.71     5.93     8.95
   0.26    2.30    12.65    11.76
   0.42    0.81     8.55    12.60
   0.15    0.82     7.94    11.08
   0.28    0.87     6.27     8.69
   0.58    2.16    16.71    25.89
   0.44    0.58     5.58    12.48
   1.18    2.40    19.39    37.29
   0.27    0.91     5.42     9.64
   0.37    0.82     8.00    15.58
   0.10    1.17     7.24     7.92
   1.59    5.96    27.33    35.16
   0.19    0.54     7.19    11.73
   3.76   11.92    77.37   102.92
   0.34    1.95     9.06    11.99
   0.28    1.27     7.87    14.87
   0.26    0.97     8.05    10.58
   0.20    0.45     5.70     9.90
   0.68    1.92     5.36     8.33
   0.50    1.12     7.40    10.71
   0.41    1.06     5.39     8.26
   0.17    0.74     5.66     9.01
   0.59    0.83     5.79    11.58
   0.99    2.17    19.67    40.12
   0.52    2.54    18.00    22.70