 46
 45
 48
 41
 37
 32
 36
 62
 60
 53
 38
 36
 38
 42
 50
 31
 53
 55
 39
 23
 44
 49
 40
 42
108
 36
 47
 43
 41
 42
 59
 33
 41
 78
 96
 43
 18
 30
 32
 61
 83
 43
 37
 33
 43
 75
 31
 89
 50
 48
 34
194
 41
 36
 47
 41
 33
 54
 63
 24
 28
 37
 23
 23
 37
 32
 42
 39
 35
 28
 47
 42
 28
 48
 34
 28
 26
 33
 66
 25
 55
 52
 61
 37
 34
 57
 38
 30
 52
 71
 46
 45
 35
103
 44
 80
 40
 29
 34
 51
 72
 55
 71
 35
 88
 49
 40
 46
 97
 69
 33
 59
 40
 77
 43
 31
 35
 40
 55
 92
 29
 72
 21
121
 37
 30
 45
 30
 50
 22
 49
 48
 68
 94
 54
139
 43
 34
 58
 58
 20
 37
201
 80
 34
 22
 64
 79
 37
 55
 28
 24
 26
 55
 45
 60
 56
 40
 26
 77
 58
 44
 44
 36
 62
 44
 56
 44
 40
 47
 92
 51
 51
 49
 19
 42
 42
 34
 44
 59
135
 46